Probaiblities:
camera i::
[[ 210.66516903  312.16916312 1877.21446707  469.95120077]] [[6.39796564e+01 2.20117211e+03 4.93340464e-04 6.04847742e+02]] [[1153.80837831  215.69468793  968.89683013  531.60010363]] [[   6.10753978   28.15861575 2798.58365846   37.15018601]] 
camera i::
[[ 416.38029677  707.29879082  124.85650847 1490.46440394]] [[2.02115471e+03 1.79731845e+02 1.55182328e-04 5.38113286e+02]] [[   0.           10.82209722 2573.58848361  154.58941917]] [[ 290.28234847  876.056895    432.78235296 1139.87840358]] 
camera i::
[[ 218.9715163   330.63361561  514.62692043 1133.76794766]] [[1263.49988447  560.0335297   110.00332183  264.463264  ]] [[  21.99567616   13.00406702 1846.55068323  316.44957358]] [[204.41716887 153.86475337 929.26938393 910.44869382]] 
camera i::
[[198.35660888 314.9672051  788.20781531 588.46837071]] [[ 117.11727575 1044.35230479  104.23604472  624.29437473]] [[  39.96773027   33.9445239  1506.60598031  309.48176551]] [[  14.18304927   47.38988883 1754.22752789   74.19953401]] 
Calculated:
camera i::
2 3 0 1 
camera i::
3 2 1 0 
camera i::
1 3 0 2 
camera i::
3 2 0 1 
